6,66983921255528E-05 -3,23352059162475E-05
18
82,96777 55,05343 2304 1137
82,96702 55,05387 2288 1117
82,95585 55,05273 2113 12
82,92507 55,04557 1719 1181
82,92864 55,04121 1698 136
82,95228 55,02715 1830 1717
82,94272 55,01783 1750 1801
82,87451 55,00273 935 1904
82,90126 55,0353 1442 1241
82,90833 55,03881 1484 1188
82,91323 55,04468 1547 1151
82,92186 55,0472 1609 114
82,91677 55,04782 1654 1144
82,97408 55,09106 2431 577
82,96366 55,10421 2484 196
82,96092 55,10242 2429 307
82,91232 55,09235 1773 363
82,99428 55,06704 2519 1034
