Новосибирск
Новосибирск (март 2007)
9
82,797456 54,995919 1767135 2784001
Точка около Ипподрома
0
82,897831 54,942143 2426025 3365789
Площадь Кирова
0
82,894623 54,982114 2394394 2922641
Памятник Покрышкину
1
82,869841 54,994683 2229662 2785949
Площадь Труда
0
82,961185 54,917654 2837949 3628478
Советское шоссе
0
82,912489 55,059325 2484514 2060392
Площадь Калинина
0
82,924507 55,030291 2570743 2381513
Оперный театр
0
83,005472 55,032682 3089192 2341345
Детский сад на Лазурной
0
83,033367 54,975834 3282068 2967947
Мост через Иню
0
